id,score,rank,,
004,-0.255724282,212,,
248,-0.15350352,61,,
008,-0.233361994,111,,
012,-0.25122925,159,,
016,-0.256095548,227,,
020,0.036198429,39,,
024,-0.25576086,214,,
660,-0.19827855,79,,
010,-0.137200666,59,,
028,-0.199331374,80,,
032,-0.219875627,100,,
051,-0.239818541,127,,
533,-0.244128919,136,,
036,1.9915213,7,,
040,3.085623564,3,,
031,-0.244699007,137,,
044,-0.219745563,99,,
048,-0.241809213,133,,
050,-0.253882515,181,,
052,-0.127999337,56,,
112,-0.236835844,121,,
056,1.618788325,13,,
084,-0.234025425,112,,
204,-0.253566586,178,,
060,0.204306063,31,,
064,-0.24213677,134,,
068,-0.249066306,149,,
070,-0.235582156,117,,
072,-0.245139345,138,,
076,-0.208470039,88,,
086,-0.256095587,238,,
096,-0.209802012,92,,
100,-0.177723474,65,,
854,-0.252975467,175,,
108,-0.255917273,221,,
116,-0.253981823,184,,
120,-0.254284021,189,,
124,1.730173409,11,,
132,-0.246444274,142,,
136,-0.188232878,71,,
140,-0.256095587,238,,
148,-0.256068505,226,,
152,-0.111120993,52,,
156,-0.252302985,172,,
162,-0.256095587,238,,
166,-0.256095587,238,,
170,-0.197868938,78,,
174,-0.255961197,222,,
180,-0.256095586,228,,
178,-0.253742229,180,,
184,-0.228514878,106,,
188,-0.207049957,87,,
384,-0.255481738,205,,
191,0.049512445,38,,
192,-0.254091678,187,,
531,-0.230311672,109,,
196,0.035292652,40,,
203,0.337980275,27,,
208,1.969050296,9,,
262,-0.241126015,132,,
212,-0.177510845,64,,
214,-0.251332416,161,,
218,-0.225454355,102,,
818,-0.251666521,164,,
222,-0.249149034,150,,
226,-0.25580659,218,,
232,-0.256095587,238,,
233,1.143891913,20,,
231,-0.254808195,199,,
238,-0.129876021,57,,
234,0.941273487,22,,
242,-0.237505431,122,,
246,1.239615888,18,,
250,0.562489449,24,,
254,-0.177106018,63,,
258,-0.215310221,95,,
260,-0.256095587,238,,
266,-0.252214396,170,,
270,-0.252757854,173,,
268,-0.249354367,153,,
276,1.200795714,19,,
288,-0.25123617,160,,
292,0.129520952,34,,
300,-0.050833526,44,,
304,-0.185686312,68,,
308,-0.239735471,126,,
312,-0.227507798,104,,
316,-0.111221584,53,,
320,-0.251633148,163,,
831,-0.204089332,84,,
324,-0.255849822,220,,
624,-0.256095587,238,,
328,-0.251822103,165,,
332,-0.234240777,113,,
336,-0.256095587,238,,
340,-0.254686404,197,,
344,0.173706865,33,,
348,0.25520515,28,,
352,1.483913968,15,,
356,-0.235820198,119,,
360,-0.25194425,167,,
364,-0.201924959,82,,
368,-0.253905795,182,,
372,2.981055178,4,,
833,-0.195780882,77,,
376,0.084776325,36,,
380,0.20073507,32,,
388,-0.238777498,125,,
392,-0.125109759,55,,
832,-0.122527487,54,,
400,-0.248819397,148,,
398,-0.25059368,157,,
404,-0.238603016,123,,
296,-0.255124204,202,,
408,-0.251900912,166,,
410,-0.094448567,51,,
414,-0.239958738,128,,
417,-0.254671593,196,,
418,-0.254034653,186,,
428,-0.028013422,43,,
422,-0.235682594,118,,
426,-0.254812504,200,,
430,-0.255815259,219,,
434,-0.254491747,193,,
438,0.877399746,23,,
440,0.006598776,41,,
442,1.287702082,17,,
446,-0.179817876,66,,
807,-0.230021674,108,,
450,-0.253296763,177,,
454,-0.252174391,169,,
458,-0.206644029,85,,
462,-0.245545846,140,,
466,-0.255754711,213,,
470,-0.084692233,49,,
584,-0.256095587,238,,
474,-0.246878404,144,,
478,-0.253971942,183,,
480,-0.181395256,67,,
175,-0.255666926,209,,
484,-0.20924494,90,,
583,-0.240277826,129,,
498,-0.223365775,101,,
492,0.097875006,35,,
496,-0.245533112,139,,
499,-0.13265988,58,,
500,-0.217722581,97,,
504,-0.250394713,155,,
508,-0.254490322,192,,
104,-0.255649042,207,,
520,-0.256095587,238,,
524,-0.249860585,154,,
528,1.072037164,21,,
540,-0.083579249,48,,
554,3.472790907,2,,
558,-0.252255287,171,,
562,-0.255764904,216,,
566,-0.253145686,176,,
570,-0.256095587,238,,
574,-0.256095587,238,,
580,-0.084970416,50,,
578,1.40758584,16,,
512,-0.245546869,141,,
586,-0.252060896,168,,
585,-0.213696813,93,,
275,-0.247082102,145,,
591,-0.238763874,124,,
598,-0.255703046,210,,
600,-0.249294987,152,,
604,-0.227477547,103,,
608,-0.236620963,120,,
612,-0.256095587,238,,
616,-0.06328409,45,,
620,0.22956295,29,,
630,-0.207037556,86,,
634,-0.193853283,76,,
638,-0.189842743,74,,
642,-0.138805859,60,,
643,-0.23045338,110,,
646,-0.254798731,198,,
663,-0.252895254,174,,
534,-0.234918617,115,,
652,-0.202042613,83,,
654,-0.256095587,238,,
659,0.062279476,37,,
662,-0.072206093,46,,
666,-0.256095587,238,,
670,-0.240784414,130,,
882,-0.250486939,156,,
674,-0.216020033,96,,
678,-0.255013792,201,,
682,-0.235334438,116,,
686,-0.200103248,81,,
688,-0.173703595,62,,
690,-0.07889786,47,,
694,-0.25578856,217,,
702,1.970344028,8,,
703,-0.012302087,42,,
705,1.699592759,12,,
090,-0.251349817,162,,
706,-0.255761578,215,,
710,-0.188489767,72,,
239,-0.256095587,238,,
728,-0.256048962,225,,
724,0.364338873,26,,
144,-0.243840532,135,,
729,-0.255232635,203,,
740,-0.240884102,131,,
744,0.223242102,30,,
748,-0.253738059,179,,
752,1.51488634,14,,
756,3.697103494,1,,
760,-0.255251263,204,,
158,0.412498637,25,,
762,-0.255661943,208,,
834,-0.254511738,194,,
764,-0.228344295,105,,
626,-0.249249774,151,,
768,-0.248452258,147,,
776,-0.25422874,188,,
780,-0.187261025,69,,
788,-0.209790748,91,,
792,-0.229036278,107,,
795,-0.256036784,224,,
796,-0.209052473,89,,
798,-0.256095587,238,,
800,-0.253985459,185,,
804,-0.234761604,114,,
784,-0.18795166,70,,
826,1.76389206,10,,
840,2.199368369,6,,
840,2.199368369,6,,
858,-0.188573328,73,,
860,-0.255600088,206,,
548,-0.254354097,191,,
862,-0.219429707,98,,
704,-0.247449731,146,,
092,-0.214743593,94,,
850,-0.193703446,75,,
876,-0.256095587,238,,
732,-0.256095587,238,,
887,-0.255707617,211,,
894,-0.254655379,195,,
716,-0.250599717,158,,
